deleted:249.89985591745196
the:111.5976875750867
i:110.7547185070058
:104.66699221037094
you:95.4640330177742
a:89.82623661230805
it:80.5474267175489
to:78.78200848985159
and:74.94477801947872
that:73.17464852897831
s:69.3231708433545
is:67.6917366743603
of:65.83837618981913
removed:65.32202407058959
my:62.35424144242648
in:58.84932042100747
t:56.528009631568246
was:50.844440924467506
for:50.46212409773
this:50.34887786627216
me:45.371276995309586
not:45.32978488691102
like:41.98185531494398
just:41.7244293497708
your:41.44488047766268
on:41.43750618320036
are:41.21374537298082
what:41.11146718261588
with:40.24140809873203
they:39.91161288048702
m:39.15238805743947
so:38.996543314774726
have:38.94889489993329
but:38.62515217963191
be:37.982823063597195
he:37.37910206201504
no:34.427727097597604
at:33.8953474995735
can:32.786621589116436
do:32.629245606706256
she:31.62082882614763
or:31.20833689431683
all:30.43413587920495
one:30.33503870787444
we:29.70185884541963
re:29.643987215977
if:29.249657167073824
good:29.228407978994408
would:29.124917789915926
don:29.061500627122552
people:28.54428947366892
from:28.406482183957873
as:28.153742056187124
out:28.025977053668605
up:27.86774751699429
get:27.797561288503665
when:26.797476842306914
her:26.47910547550627
about:26.393944514905378
there:25.83495257506393
too:25.8198093288097
lost:24.78422022744691
fuck:24.761665757096285
an:24.493796656966374
time:24.34487665536504
because:24.08828714462219
really:23.966558967019715
know:23.41845592069249
how:23.17841493157151
reddit:22.909952096135317
thanks:22.836156293365146
dexter:22.761404855043683
oh:22.685732937924094
think:22.311663476916493
r:22.245906658964138
love:22.12937823266443
yes:22.086864221495862
them:22.046511737506716
why:21.994635355548066
more:21.951520882870064
new:21.870366227594815
some:21.625363381827498
go:21.392969314087118
man:20.340087598448424
had:20.297663113584335
lol:20.226361091710586
yeah:20.196978692439274
by:19.72646909561155
now:19.60513942237883
his:19.59751986837326
bad:19.577540359922565
fucking:19.554632061042486
shit:19.434421588915935
same:19.362855451979506
life:19.32967343018711
well:19.242943091625623
year:18.8156748057574
here:18.81224242142667
then:18.65155970022418
season:18.608635771527137
did:18.398097837536223
d:18.34773262624018
who:18.07048837867317
still:17.897930751018375
say:17.850884796516368
got:17.600115874016016
after:17.152711845834546
much:17.014737812805166
him:16.471011477746192
never:16.43392085994382
way:16.377746656566735
will:16.2516528674593
ve:16.1218015597288
only:16.06381163116852
something:16.025603848403623
show:16.011796700502337
were:15.710573507420294
than:15.438189207618061
ll:15.200709373586621
right:15.195514395656888
any:15.052868563185651
2:14.988465984554555
3:14.89292045593205
see:14.87103921847347
make:14.79458765297113
always:14.621961560755071
pretty:14.618558798927118
com:14.519744334700107
being:14.464970026577863
their:14.372139481602497
am:14.265201156431818
also:14.248072423711363
thing:14.211061889331736
even:14.191427051090853
has:14.165866461493433
first:14.164049627289943
great:14.143470710705259
watch:14.119382725516367
other:14.056072499830975
better:13.947082877329306
https:13.935892782352916
off:13.917385892728566
going:13.881899213044864
want:13.830142087174496
probably:13.829456599835455
movie:13.634262070736005
most:13.553342566605622
where:13.543007858397498
said:13.468282219842273
didn:13.418152183409116
actually:13.395506903946014
day:13.387674610109457
damn:13.3435208250257
1:13.32864613072549
years:13.308579937561325
should:13.257749816046859
maybe:13.248913630814085
been:13.16637205817564
back:13.066930677649397
dick:13.044764692497836
